52398
42889
36696
56226
596
24938
52636
28669
56115
1964
18684
3255
23567
6058
6121
6782
63830
60066
38467
16548
23840
43361
25359
61579
1238
32865
5384
54802
55584
61072
17974
44322
1239
54733
6358
17389
37783
15259
39986
8447
21511
3786
60861
14878
15819
29698
48434
59292
9463
64406
4347
11552
56707
10012
5524
6049
30371
228
9954
15908
55419
29534
36860
64161
37980
1637
7389
10189
63817
44294
9252
45642
43412
9142
13718
5577
50143
52530
57098
37724
51017
4064
46210
5052
22775
32454
58466
59682
62971
60381
32105
3663
63752
13988
15484
50741
38010
56536
17313
14169
61607
9481
48392
33213
20723
3860
54308
64621
22869
63021
65115
33413
32520
9906
40101
42308
41782
18541
6695
919
27359
55236
53583
7636
19760
30351
58317
36901
36458
23390
31208
26117
35410
54530
26034
3840
15195
48027
15969
40788
54441
51475
45633
22503
24968
31943
548
46819
38609
12677
33413
30559
38575
65054
15528
14505
9947
28678
44937
63472
27101
2258
34066
61154
18028
867
20187
49636
23012
26699
62955
36579
15656
2692
7663
25848
31666
4822
58691
56035
27586
14466
62266
59796
64101
24113
60595
20093
59213
47736
7993
39279
8304
63396
25639
41445
17840
20422
719
35268
34361
56221
16725
11796
17732
24049
41887
4990
22522
21766
50511
33393
25352
6501
45640
53229
25037
8376
32932
19130
50174
62638
18878
8953
46636
11724
64989
64036
3979
26617
43541
54763
20566
6071
53607
36606
63985
51954
21622
51242
2396
25436
58668
10334
18245
27473
14629
17822
37826
48270
38255
5510
117
17055
7102
9348
63230
60860
39847
32025
27959
44564
60695
26351
12610
3997
54129
47192
9982
21394
40305
48701
15188
31536
40155
1248
16979
61209
54494
63803
42854
23659
65168
15812
7457
7234
4873
6086
31025
24655
45496
58088
55765
20365
62162
31003
41673
56673
61586
54260
61554
7077
45393
23594
50905
416
14343
51797
34786
36567
41797
45978
32346
1418
11224
52249
31540
60764
63240
8534
25831
8127
29717
34714
1929
19782
64633
51146
39986
63831
47614
50759
8416
41242
12160
33080
19543
44799
57742
60165
21774
36474
27931
63416
58366
65381
15413
48876
62844
1625
3620
2770
32916
9109
47255
42342
63888
62623
7716
59854
62465
62025
591
44780
44232
34123
34815
19491
21160
23367
7179
59365
50428
27995
56633
15252
53669
64608
15741
44904
60991
24086
20526
62973
632
36251
42492
55279
13148
18828
38008
34513
9896
9892
41929
53793
60140
26447
40014
55998
27410
60303
18270
10325
64115
63690
38074
14872
22482
33663
6455
8064
21011
42171
5585
18661
42776
55247
45036
26757
31920
57764
14159
58803
585
65198
13223
27466
427
20304
7511
33431
55865
57463
45883
56041
7799
4009
39973
56822
44145
6936
44644
61676
4022
10117
50417
21248
36027
58194
24583
58220
47799
45106
35176
21490
46953
10167
8807
59510
2397
10967
9817
664
17953
1440
48815
24356
46048
38643
45463
17807
56850
46208
38990
34098
34031
1439
64032
11089
21471
26719
27627
30233
24094
17226
58634
58888
52913
20555
51469
3810
25514
55842
38095
11686
59685
49690
33965
47165
49143
8024
62446
24527
44065
55493
8778
1699
24672
13807
44799
18316
1209
18232
38977
38518
58929
61914
17843
4303
33696
58723
58229
34931
51175
20087
40284
36425
51695
35287
38294
35041
18449
48072
27377
41493
1059
5721
59531
23133
30822
56813
56748
19506
14761
14878
59589
29477
63729
31417
11967
39904
1101
20632
63383
23106
33902
14704
7606
33608
30836
61471
15813
6135
42021
35079
60541
22287
41966
12233
42467
15184
5870
31086
8494
38330
3767
26682
40275
44223
36915
38077
12052
27897
5660
14164
10711
50198
29944
52565
11148
21839
53233
56062
55574
56925
9831
26178
57003
1699
24801
35689
44693
65087
14933
21374
53979
64174
22032
22935
31724
55321
48051
61389
33228
44126
40825
15111
65094
2285
11768
3687
24694
50575
15837
22458
45940
7599
38886
24221
22271
30409
37924
25614
38938
32448
19260
53290
9411
18126
37240
52243
59334
18822
30775
9968
19420
49719
38546
47700
34551
41079
56566
13623
25305
38242
3563
36930
63073
6
2594
17349
5772
50548
11227
15034
36332
46399
51044
1881
47389
61237
12494
59725
17744
43285
7071
9055
63170
44279
54546
4936
32577
20893
24037
41462
11221
34537
15105
24994
9086
49338
32165
63880
58148
7025
57703
2383
54097
30210
24972
12442
13996
32630
38268
23961
11073
53210
54792
28828
10284
12478
20700
59016
54282
46593
1410
57541
35373
22196
17712
4981
39961
24102
56739
62045
48508
30791
5271
46658
61989
55593
5699
24568
23087
16323
23290
53235
57504
28199
51168
382
54949
24502
14783
56199
6420
42625
41129
16139
25140
11869
36016
45140
46516
21610
53388
23807
29790
5918
52206
18767
5795
52143
46539
5065
1220
37897
25664
15089
42957
64215
11523
58950
64315
64378
31801
26035
27463
4280
10420
29125
10929
4145
45533
32589
56207
57641
56749
33532
5321
60572
22992
24870
6190
18799
25324
4995
51032
37915
11847
42675
22156
27529
7380
29617
24620
12149
10537
2732
16375
46464
44242
52439
9935
48076
31273
7760
15670
20560
26567
55363
46884
48585
9927
27168
44832
49188
34513
8078
27406
23754
59262
50134
47887
13800
24406
23305
3217
9285
17038
43379
41265
20597
61536
35678
56581
35776
47646
48548
35332
53718
64678
15293
10594
20468
8373
5619
22413
7018
47585
61972
63147
39438
52295
59241
19969
6631
55113
13111
52483
60448
27967
17051
22276
43126
15943
43271
19199
52275
50260
64601
14772
22653
31169
59611
63024
12687
20244
37984
24849
63940
8603
4307
45309
51748
18543
59353
45453
13574
321
62168
22859
18479
1957
49537
32206
2343
61777
52312
22152
2690
56684
58808
57831
404
34257
39462
18715
39958
3116
3302
43932
35481
50030
61427
41031
47540
23976
23271
32109
56983
1984
56137
38663
50934
9590
18038
2433
42356
12680
49675
64374
56806
13577
36792
6319
34237
57194
23766
12222
61165
25422
55671
37174
38202
19604
58835
1707
47343
52998
46236
55277
52473
60498
21696
31064
48054
61549
29173
46575
25363
26252
2394
46737
43282
58317
55917
25623
12969
150
38242
47081
17223
5134
550
31951
10466
52970
28635
23444
2482
37238
50996
23548
993
17832
15191
64905
36554
